%YAML:1.0
CameraExtrinsicMat: !!opencv-matrix
   rows: 4
   cols: 4
   dt: d
   data: [ 1.857739385241e-03, -9.999659513510e-01, -8.039975204516e-03, -4.784029760483e-03,
                -6.481465826011e-03, 8.051860151134e-03, -9.999466081774e-01, -7.337429464231e-02,
               9.999773098287e-01, -1.805528627661e-03, -6.496203536139e-03, -3.339968064433e-01, 
               0., 0., 0., 1. ]
CameraMat: !!opencv-matrix
   rows: 3
   cols: 3
   dt: d
   data: [ 7.070912e+02, 0.000000e+00, 6.018873e+02, 
           0.0000000e+00, 7.0709120e+02, 1.8311040e+02,
           0.000000e+00, 0.000000e+00, 1.000000e+00 ]
DistCoeff: !!opencv-matrix
   rows: 1
   cols: 5
   dt: d
   data: [ 0., 0., 0., 0., 0. ]
ImageSize: [ 1.226000e+03, 3.700000e+02 ]
ReprojectionError: 3.9271711128416248e-01

